1.000000000000000062e-09
2.999999999999999980e-09
6.999999999999999816e-09
1.000000000000000021e-08
1.300000000000000060e-08
2.999999999999999732e-08
9.999999999999999547e-08
1.299999999999999994e-07
1.999999999999999909e-07
2.700000000000000090e-07
2.800000000000000191e-07
2.999999999999999864e-07
3.300000000000000168e-07
3.999999999999999819e-07
4.999999999999999774e-07
5.999999999999999728e-07
6.999999999999999683e-07
7.999999999999999638e-07
9.999999999999999547e-07
1.500000000000000038e-06
3.000000000000000076e-06
1.000000000000000082e-05
3.000000000000000076e-05
1.000000000000000048e-04
